
dn <- structure(list(Experiment = structure(1:6, .Label = c("BB&JL95:1-adolescents", 
"BB&JL95:1-adults", "JL&B84:3", "JL&S78:2a", "JL&S78:2b", "RN&G01"
), class = "factor"), AA1_Aac = c(10L, 19L, 19L, 16L, 17L, 46L
), AA1_Eac = c(2L, 0L, 0L, 0L, 0L, 1L), AA1_Iac = c(5L, 0L, 0L, 
3L, 1L, 1L), AA1_Oac = c(0L, 0L, 0L, 0L, 0L, 0L), AA1_Aca = c(0L, 
0L, 0L, 0L, 0L, 2L), AA1_Eca = c(0L, 0L, 0L, 0L, 0L, 0L), AA1_Ica = c(0L, 
0L, 0L, 0L, 1L, 0L), AA1_Oca = c(0L, 0L, 0L, 0L, 0L, 0L), AA1_NVC = c(0L, 
0L, 0L, 0L, 0L, 2L), AA1_Misc = c(3L, 1L, 1L, 1L, 1L, 4L), AA2_Aac = c(12L, 
8L, 2L, 15L, 0L, 17L), AA2_Eac = c(0L, 0L, 0L, 0L, 0L, 1L), AA2_Iac = c(1L, 
0L, 0L, 2L, 0L, 1L), AA2_Oac = c(0L, 0L, 0L, 0L, 0L, 0L), AA2_Aca = c(6L, 
9L, 15L, 0L, 17L, 28L), AA2_Eca = c(0L, 0L, 0L, 0L, 0L, 1L), 
    AA2_Ica = c(0L, 2L, 0L, 2L, 2L, 0L), AA2_Oca = c(0L, 0L, 
    0L, 0L, 0L, 0L), AA2_NVC = c(0L, 0L, 0L, 0L, 0L, 2L), AA2_Misc = c(1L, 
    1L, 3L, 1L, 1L, 6L), AA3_Aac = c(16L, 8L, 9L, 2L, 2L, 37L
    ), AA3_Eac = c(0L, 0L, 0L, 0L, 0L, 1L), AA3_Iac = c(0L, 0L, 
    0L, 4L, 3L, 3L), AA3_Oac = c(0L, 0L, 0L, 0L, 0L, 0L), AA3_Aca = c(0L, 
    0L, 2L, 3L, 5L, 1L), AA3_Eca = c(0L, 0L, 0L, 0L, 0L, 0L), 
    AA3_Ica = c(0L, 0L, 0L, 1L, 1L, 0L), AA3_Oca = c(0L, 0L, 
    0L, 0L, 0L, 0L), AA3_NVC = c(2L, 10L, 7L, 9L, 8L, 12L), AA3_Misc = c(2L, 
    2L, 2L, 1L, 1L, 2L), AA4_Aac = c(14L, 9L, 9L, 8L, 1L, 36L
    ), AA4_Eac = c(0L, 0L, 0L, 0L, 0L, 2L), AA4_Iac = c(1L, 3L, 
    0L, 4L, 8L, 3L), AA4_Oac = c(0L, 0L, 0L, 0L, 0L, 0L), AA4_Aca = c(0L, 
    0L, 4L, 2L, 3L, 6L), AA4_Eca = c(0L, 0L, 0L, 0L, 0L, 0L), 
    AA4_Ica = c(0L, 0L, 0L, 1L, 5L, 0L), AA4_Oca = c(0L, 0L, 
    0L, 0L, 0L, 0L), AA4_NVC = c(5L, 8L, 7L, 5L, 3L, 7L), AA4_Misc = c(0L, 
    0L, 0L, 0L, 0L, 2L), AI1_Aac = c(2L, 1L, 0L, 0L, 0L, 0L), 
    AI1_Eac = c(0L, 0L, 0L, 0L, 0L, 1L), AI1_Iac = c(14L, 16L, 
    13L, 13L, 12L, 41L), AI1_Oac = c(0L, 0L, 0L, 0L, 0L, 2L), 
    AI1_Aca = c(0L, 0L, 0L, 0L, 0L, 0L), AI1_Eca = c(0L, 0L, 
    0L, 0L, 0L, 0L), AI1_Ica = c(4L, 1L, 1L, 0L, 0L, 1L), AI1_Oca = c(0L, 
    0L, 0L, 0L, 0L, 0L), AI1_NVC = c(0L, 2L, 4L, 7L, 8L, 4L), 
    AI1_Misc = c(0L, 0L, 2L, 0L, 0L, 7L)), .Names = c("Experiment", 
"AA1_Aac", "AA1_Eac", "AA1_Iac", "AA1_Oac", "AA1_Aca", "AA1_Eca", 
"AA1_Ica", "AA1_Oca", "AA1_NVC", "AA1_Misc", "AA2_Aac", "AA2_Eac", 
"AA2_Iac", "AA2_Oac", "AA2_Aca", "AA2_Eca", "AA2_Ica", "AA2_Oca", 
"AA2_NVC", "AA2_Misc", "AA3_Aac", "AA3_Eac", "AA3_Iac", "AA3_Oac", 
"AA3_Aca", "AA3_Eca", "AA3_Ica", "AA3_Oca", "AA3_NVC", "AA3_Misc", 
"AA4_Aac", "AA4_Eac", "AA4_Iac", "AA4_Oac", "AA4_Aca", "AA4_Eca", 
"AA4_Ica", "AA4_Oca", "AA4_NVC", "AA4_Misc", "AI1_Aac", "AI1_Eac", 
"AI1_Iac", "AI1_Oac", "AI1_Aca", "AI1_Eca", "AI1_Ica", "AI1_Oca", 
"AI1_NVC", "AI1_Misc"), row.names = c(NA, -6L), class = "data.frame")

require(devtools)
dev_mode()
require(MPTinR)

check.mpt("phm.model")
get.mpt.fia(dn[1, -1], "phm.model", list("t1 = 0.5"), Sample=200000)
